((("Expolist" .
   [1 0 0 0 0 0 0 0])
  ("Expo" .
   [3 0 0 0])
  ("getattr" .
   [0 0 0 1 0 0 0])
  ("export" .
   [1 0 0 0 0 0])
  ("3000" .
   [1 0 0 0])
  ("Wait" .
   [1 0 0 0])
  ("undo-tree" .
   [0 0 0 0 1 0 0 0 0])
  ("require" .
   [1 0 0 0 0 0 0])
  ("solve" .
   [2 0 0 0 0])
  ("rho_dot" .
   [2 0 0 0 0 0 0])
  ("rho" .
   [1 0 0])
  ("1000000" .
   [1 0 0 0 0 0 0])
  ("v2" .
   [4 0])
  ("a2" .
   [3 0])
  ("a1" .
   [3 0])
  ("w3" .
   [3 0])
  ("2500000" .
   [2 0 0 0 0 0 0])
  ("5000000" .
   [2 0 0 0 0 0 0])
  ("w0" .
   [4 0])
  ("rho22i" .
   [1 0 0 0 0 0])
  ("rho12i" .
   [1 0 0 0 0 0])
  ("rho12r" .
   [1 0 0 0 0 0])
  ("10000" .
   [1 0 0 0 0])
  ("100000" .
   [2 0 0 0 0 0])
  ("1000" .
   [1 0 0 0])
  ("110000" .
   [0 0 1 0 0 0])
  ("10" .
   [10 0])
  ("w2" .
   [2 0])
  ("100000000" .
   [0 0 0 0 0 0 3 0 0])
  ("cos" .
   [3 0 0])
  ("rho22" .
   [1 0 0 0 0])
  ("rho11" .
   [1 0 0 0 0])
  ("0j" .
   [2 0])
  ("rho12" .
   [7 0 0 0 0])
  ("w1" .
   [5 0])
  ("imag" .
   [4 0 0 0])
  ("add_fft" .
   [0 0 0 0 1 0 0])
  ("infile" .
   [2 0 0 0 1 0])
  ("string" .
   [3 0 0 0 0 0])
  ("file" .
   [2 0 0 0])
  ("fftpack" .
   [1 0 0 0 0 0 0])
  ("abs" .
   [2 0 0])
  ("np" .
   [12 0])
  ("fft" .
   [1 0 0])
  ("numpy" .
   [3 0 0 0 0])
  ("pylab" .
   [2 0 0 0 0])
  ("as" .
   [2 0])
  ("delay" .
   [2 0 0 0 0])
  ("timedelta" .
   [1 0 0 0 0 0 0 0 0])
  ("time" .
   [2 0 0 0])
  ("datetime" .
   [3 0 0 0 0 0 0 0])
  ("start_time" .
   [0 0 0 0 1 1 0 0 0 0])
  ("a_when" .
   [2 0 0 0 0 0])
  ("birth_date" .
   [1 0 0 0 0 0 0 0 0 0])
  ("last" .
   [1 0 0 0])
  ("first_name" .
   [1 0 0 0 0 0 0 0 0 0])
  ("optarg" .
   [1 0 0 0 0 0])
  ("string_length_string" .
   [0 0 0 0 0 0 1 0 0 0 0 0 0 0 0 0 0 0 0 1])
  ("char" .
   [1 0 0 0])
  ("find_n" .
   [4 0 0 0 0 0])
  ("stack_ptr" .
   [2 0 0 0 0 0 1 2 2])
  ("stack" .
   [4 0 0 0 0])
  ("page" .
   [5 0 0 0])
  ("frame_number" .
   [2 0 0 0 0 0 2 0 1 0 0 0])
  ("frame" .
   [5 0 0 0 0])
  ("space" .
   [7 0 0 0 0])
  ("find_space" .
   [0 0 0 0 2 0 0 0 0 0])
  ("false" .
   [1 0 0 0 0])
  ("return" .
   [8 0 0 0 0 0])
  ("velocity_temp" .
   [0 0 0 0 0 0 0 0 0 0 0 0 1])
  ("position" .
   [2 0 0 0 0 0 0 0])
  ("velocity" .
   [2 0 0 0 0 0 0 0])
  ("size" .
   [1 0 0 0])
  ("system" .
   [17 0 0 0 0 0])
  ("resize" .
   [1 0 0 0 0 0])
  ("position_temp" .
   [2 0 0 0 0 0 0 0 0 0 0 1 0])
  ("steps" .
   [1 0 0 0 1])
  ("temp_time" .
   [2 0 0 0 0 0 0 0 2])
  ("deltat" .
   [0 0 0 0 1 2])
  ("scanf" .
   [3 0 0 0 0])
  ("printf" .
   [8 0 0 0 0 0])
  ("getvel" .
   [3 0 0 0 0 0])
  ("getpos" .
   [3 0 0 0 0 0])
  ("setvel" .
   [3 0 0 0 0 0])
  ("setpos" .
   [3 0 0 0 0 0])
  ("temp" .
   [9 0 0 0])
  ("posy" .
   [1 0 0 0])
  ("posx" .
   [1 0 0 0])
  ("vector" .
   [3 0 0 0 0 0])
  ("int" .
   [17 0 0])
  ("sizeof" .
   [0 0 0 0 1 0])
  ("size_t" .
   [1 0 0 0 0 0])
  ("plurks" .
   [1 0 0 0 0 0])
  ("print" .
   [47 0 0 0 1])
  ("Label" .
   [1 0 0 0 0])
  ("event" .
   [1 0 0 0 0])
  ("window" .
   [5 0 0 0 0 1])
  ("setdata" .
   [0 0 0 0 0 1 0])
  ("cout" .
   [4 0 0 0])
  ("Score" .
   [1 0 0 0 0])
  ("tempV" .
   [1 0 0 0 0])
  ("endl" .
   [4 0 0 0])
  ("20" .
   [2 0])
  ("xH" .
   [1 0])
  ("assert" .
   [3 0 0 0 0 0])
  ("sumvector" .
   [0 0 0 1 0 0 0 0 0])
  ("show" .
   [8 0 0 0])
  ("pow" .
   [2 0 0])
  ("double" .
   [17 0 0 0 0 0])
  ("1" .
   [14])
  ("Matrix" .
   [1 0 0 0 0 0])
  ("data" .
   [4 0 0 0])
  ("test" .
   [5 0 0 0])
  ("pickcol" .
   [0 0 0 0 1 0 0])
  ("setcol" .
   [0 0 0 0 1 0])
  ("Vector" .
   [1 0 0 0 0 0])
  ("v1" .
   [6 0])
  ("data1" .
   [1 0 0 0 0])
  ("float" .
   [1 0 0 0 0])
  ("sleep" .
   [1 0 0 0 0])
  ("~/plurk-notify/" .
   [0 0 0 0 1 0 0 0 0 0 0 0 0 0 0])
  ("~/plurk-notify/README" .
   [0 0 0 0 0 0 0 0 0 0 0 0 0 0 0 1 0 0 0 0 0])
  ("Plurk" .
   [1 0 0 0 0])
  ("import" .
   [12 0 0 0 0 1])
  ("plurk" .
   [4 0 0 0 0])
  ("gtk" .
   [3 0 0])
  ("glib" .
   [1 0 0 0])
  ("from" .
   [5 0 0 0])
  ("self" .
   [50 0 0 0])
  ("unread" .
   [6 0 0 0 0 0])
  ("json" .
   [5 0 0 0])
  ("load" .
   [2 0 0 0])
  ("unReadPlurks" .
   [0 0 0 0 0 0 1 3 0 0 0 1])
  ("get_unread_plurks" .
   [0 0 0 0 0 0 1 0 0 0 0 0 0 0 0 0 0])
  ("menuItem" .
   [1 0 0 0 0 0 0 0])
  ("MenuItem" .
   [1 0 0 0 0 0 0 0])
  ("label" .
   [5 0 0 0 0])
  ("use_underline" .
   [0 0 0 0 1 0 0 0 0 0 0 0 0])
  ("False" .
   [6 0 0 0 0])
  ("loads" .
   [1 0 0 0 0])
  ("if" .
   [11 0])
  ("else" .
   [8 0 0 0])
  ("friend_name_unread" .
   [3 0 0 0 0 0 0 0 0 0 0 0 0 0 0 0 0 0])
  ("True" .
   [3 0 0 0])
  ("def" .
   [4 0 0])
  ("plurkID" .
   [4 0 0 0 0 0 0])
  ("responces" .
   [2 0 0 0 0 0 0 0 0])
  ("respon" .
   [0 0 0 0 0 1])
  ("responses" .
   [2 0 0 0 0 0 0 0 1])
  ("for" .
   [10 0 0])
  ("in" .
   [8 0])
  ("pl" .
   [3 0])
  ("get_responces" .
   [0 0 0 0 0 0 0 2 0 0 0 0 0])
  ("get_responses" .
   [0 0 0 0 0 0 0 0 0 0 0 0 1])
  ("load_responses" .
   [0 0 0 0 0 0 0 0 1 0 0 0 0 0])
  ("unReadCount" .
   [0 0 0 1 0 0 0 0 0 0 0])
  ("create_response_menu" .
   [0 0 0 0 0 0 0 0 0 0 1 0 0 0 0 0 0 0 0 0])
  ("append" .
   [1 0 0 0 0 0])
  ("100" .
   [5 0 0])
  ("vel_x" .
   [2 0 0 0 0])
  ("vel_y" .
   [2 0 0 0 0])
  ("pos_z" .
   [2 0 0 0 0])
  ("vel_z" .
   [1 0 0 0 0])
  ("void" .
   [2 0 0 0])
  ("star" .
   [3 0 0 0])
  ("i" .
   [5])
  ("index" .
   [1 0 0 0 0])
  ("pos_x" .
   [1 0 0 0 0])
  ("pos" .
   [3 0 0])
  ("pos_y" .
   [1 0 0 0 0])
  ("include" .
   [2 0 0 0 0 0 0])
  ("force" .
   [1 0 0 0 0])
  ("qp" .
   [5 0])
  ("qv" .
   [9 0])
  ("165" .
   [3 0 0])
  ("19" .
   [1 0])
  ("16" .
   [1 0])
  ("0" .
   [3])
  ("2" .
   [3])
  ("system_rk" .
   [1 0 0 0 0 0 0 0 0])
  ("errorpos" .
   [3 0 0 0 0 0 0 0])
  ("title" .
   [4 0 0 0 0])
  ("text" .
   [2 0 0 0])
  ("PrintOwnCalendars" .
   [0 0 0 0 0 1 0 0 0 0 0 0 0 0 0 0 0])
  ("calendar_service" .
   [1 0 0 1 0 1 0 0 0 0 0 0 0 0 0 0])
  ("Full" .
   [1 0 0 0])
  ("FullTextQuery" .
   [0 0 0 0 1 0 0 0 0 0 0 0 0])
  ("Calendar" .
   [0 0 0 0 0 1 0 0])
  ("text_query" .
   [1 0 0 0 0 0 0 0 0 0])
  ("calendar" .
   [1 0 0 0 0 0 0 0])
  ("email" .
   [1 0 0 0 0])
  ("math" .
   [2 0 0 0])
  ("while" .
   [1 0 0 0 0])
  ("an_event" .
   [1 0 0 0 0 0 0 0])
  ("width=0" .
   [1 0 0 0 0 0 0])
  ("textwidth" .
   [0 0 0 1 0 0 0 0 0])
  ("theta" .
   [3 0 0 0 0])
  ("frac" .
   [3 0 0 3])
  ("eta" .
   [1 0 0])
  ("or" .
   [1 0])
  ("gcd" .
   [2 0 0])
  ("add_freq" .
   [0 0 0 0 1 0 0 1])
  ("system_sweep" .
   [1 0 0 0 0 0 0 0 0 0 0 0])
  ("sweep" .
   [0 0 0 1 0])
  ("1E7" .
   [5 0 0])
  ("matrix" .
   [1 0 0 0 0 0])
  ("density_index" .
   [0 0 0 1 0 0 0 0 0 0 0 0 0])
  ("1E8" .
   [3 0 0])
  ("range" .
   [6 0 0 0 0])
  ("start" .
   [2 0 0 0 0])
  ("end" .
   [2 0 0])
  ("points" .
   [2 0 0 0 0 0])
  ("nu2" .
   [1 0 0])
  ("1E6" .
   [6 0 0])
  ("s" .
   [1])
  ("zeros" .
   [2 0 0 0 0])
  ("len" .
   [7 0 0])
  ("l" .
   [1])
  ("newton" .
   [5 0 0 0 0 0])
  ("coef" .
   [2 0 0 0])
  ("y_x" .
   [1 0 0])
  ("x_p" .
   [6 0 0])
  ("y_xp" .
   [8 0 0 0])
  ("y" .
   [1])
  ("result" .
   [2 0 0 0 0 0])
  ("length" .
   [11 0 0 0 0 0])
  ("x_arr" .
   [3 0 0 0 0])
  ("func2" .
   [3 0 0 0 0])
  ("func3" .
   [3 0 0 0 0])
  ("func4" .
   [4 0 0 0 0])
  ("func1" .
   [2 0 0 0 0])
  ("func6" .
   [2 0 0 0 0])
  ("linspace" .
   [1 0 0 0 0 0 0 0])
  ("array" .
   [5 0 0 0 0])
  ("func5" .
   [4 0 0 0 0])
  ("map" .
   [1 0 0])
  ("r" .
   [2])
  ("reduce" .
   [1 0 0 0 0 0])
  ("lambda" .
   [1 0 0 0 0 0])
  ("list" .
   [4 0 0 0])
  ("x" .
   [1])
  ("f" .
   [1])
  ("a" .
   [1])
  ("n" .
   [2])
  ("50" .
   [2 0])
  ("21" .
   [2 0])
  ("x_cos" .
   [1 0 0 0 0])))
